2 0.62109375 0.58984375 0.00234375 0.0078125
2 0.63984375 0.62109375 0.0015625 0.00546875
2 0.66953125 0.6796875 0.003125 0.00703125
2 0.7625 0.72421875 0.003125 0.00625
2 0.71328125 0.725 0.00234375 0.00546875
2 0.66171875 0.72890625 0.0046875 0.00625
2 0.83671875 0.82578125 0.0046875 0.00859375
2 0.8015625 0.84921875 0.003125 0.00625
2 0.79765625 0.940625 0.01015625 0.0109375
2 0.80546875 0.9515625 0.00625 0.01171875
2 0.82890625 0.98125 0.003125 0.00546875
2 0.384375 0.2125 0.00234375 0.00390625
2 0.4203125 0.26328125 0.0015625 0.00625
2 0.38203125 0.29609375 0.00390625 0.00390625
2 0.3953125 0.32109375 0.0015625 0.00546875
2 0.45546875 0.36171875 0.003125 0.00390625
2 0.5 0.37109375 0.0015625 0.00390625