1 0.05546875 0.31953125 0.1109375 0.14765625
1 0.36484375 0.38984375 0.025 0.0390625
1 0.4109375 0.446875 0.01875 0.04140625
1 0.24375 0.446875 0.01015625 0.01484375
1 0.259375 0.46171875 0.00859375 0.0171875
1 0.2734375 0.4734375 0.009375 0.01796875
1 0.228125 0.509375 0.0109375 0.02734375
1 0.2453125 0.5203125 0.01015625 0.01796875
1 0.25859375 0.52734375 0.009375 0.01953125
1 0.2453125 0.5359375 0.01328125 0.01796875
1 0.2421875 0.5984375 0.01484375 0.06796875
1 0.81640625 0.778125 0.015625 0.03359375
1 0.8296875 0.946875 0.08984375 0.10390625