1 0.37265625 0.37578125 0.15 0.1703125
1 0.4953125 0.4125 0.028125 0.0390625
1 0.5453125 0.4703125 0.01953125 0.02890625
1 0.6046875 0.528125 0.0078125 0.015625
1 0.621875 0.54296875 0.009375 0.01484375
1 0.63828125 0.5546875 0.009375 0.015625
1 0.58671875 0.5984375 0.01328125 0.02734375
1 0.60546875 0.60546875 0.00859375 0.01484375
1 0.62109375 0.6234375 0.009375 0.01875
1 0.60390625 0.628125 0.0078125 0.01953125
1 0.5921875 0.6953125 0.0171875 0.0734375
1 0.1359375 0.1765625 0.07890625 0.10234375