1 0.41953125 0.3828125 0.15625 0.16328125
1 0.51328125 0.41484375 0.02421875 0.0390625
1 0.653125 0.540625 0.009375 0.01484375
1 0.66875 0.5546875 0.00703125 0.01640625
1 0.68671875 0.56796875 0.0078125 0.01484375
1 0.63359375 0.6078125 0.015625 0.0234375
1 0.65234375 0.61640625 0.01015625 0.0140625
1 0.66953125 0.63515625 0.01171875 0.015625
1 0.65078125 0.6359375 0.0109375 0.021875
2 0.028125 0.0640625 0.01640625 0.03984375
1 0.6390625 0.70546875 0.0125 0.0671875
1 0.178125 0.18671875 0.07421875 0.11015625