1 0.146875 0.32265625 0.14609375 0.1640625
1 0.409375 0.39375 0.02578125 0.0375
1 0.45703125 0.45625 0.01875 0.0375
1 0.3609375 0.46640625 0.0078125 0.0171875
1 0.37578125 0.47734375 0.00703125 0.02265625
1 0.3921875 0.4921875 0.00625 0.015625
1 0.3421875 0.528125 0.01015625 0.02578125
1 0.36015625 0.5421875 0.01015625 0.01796875
1 0.37421875 0.55234375 0.00859375 0.01953125
1 0.3609375 0.5609375 0.00625 0.01875
1 0.353125 0.6203125 0.015625 0.07109375
1 0.87109375 0.79453125 0.0140625 0.03125
1 0.95703125 0.971875 0.05390625 0.05546875