1 0.353125 0.35234375 0.10078125 0.146875
2 0.403125 0.409375 0.01171875 0.04609375
1 0.5921875 0.47890625 0.02734375 0.0390625
1 0.66328125 0.6 0.196875 0.21328125
1 0.9765625 0.80546875 0.0140625 0.02578125
1 0.99453125 0.8234375 0.009375 0.02265625
1 0.95234375 0.89375 0.021875 0.03359375
1 0.978125 0.90859375 0.0140625 0.03125
1 0.996875 0.92890625 0.00625 0.02265625
1 0.9671875 0.9328125 0.01796875 0.03046875
1 0.9515625 0.98515625 0.02890625 0.02890625
2 0.1625 0.19296875 0.01953125 0.06875