1 0.346875 0.340625 0.096875 0.14140625
2 0.39609375 0.39921875 0.01484375 0.053125
1 0.590625 0.4734375 0.02578125 0.03203125
1 0.66015625 0.596875 0.20078125 0.22109375
1 0.971875 0.79921875 0.0140625 0.02265625
1 0.9921875 0.8203125 0.01484375 0.0203125
1 0.94609375 0.88828125 0.02265625 0.03125
1 0.96875 0.9 0.015625 0.0328125
1 0.9921875 0.92265625 0.01484375 0.02890625
1 0.95859375 0.92421875 0.0171875 0.02734375
1 0.9421875 0.98046875 0.021875 0.03671875
2 0.15625 0.1890625 0.02265625 0.07890625