1 0.221875 0.33671875 0.15859375 0.159375
1 0.43984375 0.4 0.021875 0.03671875
1 0.4890625 0.46328125 0.01796875 0.0421875
1 0.446875 0.4859375 0.00859375 0.0171875
1 0.46171875 0.496875 0.00625 0.01640625
1 0.47734375 0.51015625 0.00703125 0.01484375
1 0.428125 0.54921875 0.01171875 0.01875
1 0.44609375 0.5578125 0.009375 0.01328125
1 0.46015625 0.571875 0.00625 0.01484375
1 0.44453125 0.578125 0.009375 0.01796875
1 0.4609375 0.58828125 0.00859375 0.0109375
1 0.43671875 0.64453125 0.0078125 0.06171875
1 0.90625 0.803125 0.0125 0.03984375