1 0.3890625 0.23125 0.0859375 0.1328125
2 0.428125 0.28125 0.0078125 0.0359375
1 0.6453125 0.4390625 0.1625 0.18125
1 0.6390625 0.50546875 0.02109375 0.04609375
1 0.903125 0.60546875 0.0109375 0.01484375
1 0.91953125 0.621875 0.01171875 0.0171875
1 0.9375 0.6359375 0.0125 0.01796875
1 0.88203125 0.68125 0.01484375 0.02734375
1 0.903125 0.69140625 0.01015625 0.0171875
1 0.92109375 0.70859375 0.01171875 0.01953125
1 0.89296875 0.71171875 0.0109375 0.02109375
1 0.878125 0.78359375 0.01953125 0.0765625
2 0.22890625 0.10234375 0.015625 0.0578125