1 0.36015625 0.23046875 0.0953125 0.1390625
2 0.40546875 0.2828125 0.009375 0.03828125
1 0.64765625 0.46328125 0.1828125 0.20390625
1 0.93671875 0.653125 0.015625 0.02109375
1 0.95703125 0.66875 0.01640625 0.025
1 0.97734375 0.684375 0.0125 0.02578125
1 0.91484375 0.73203125 0.0171875 0.03125
1 0.9375 0.74765625 0.0125 0.01796875
1 0.9609375 0.76796875 0.0140625 0.0265625
1 0.92734375 0.77109375 0.01640625 0.02421875
2 0.18046875 0.0828125 0.01796875 0.07734375
1 0.91015625 0.8453125 0.02109375 0.0828125