1 0.3859375 0.23359375 0.08515625 0.1328125
2 0.42578125 0.2828125 0.0109375 0.04296875
1 0.6453125 0.4453125 0.16640625 0.17578125
1 0.903125 0.6125 0.0109375 0.01953125
1 0.921875 0.63046875 0.01171875 0.01953125
1 0.93984375 0.6421875 0.01484375 0.0171875
1 0.8828125 0.68671875 0.0203125 0.0296875
1 0.90546875 0.696875 0.01171875 0.01953125
1 0.92265625 0.715625 0.0125 0.025
1 0.8953125 0.71875 0.0140625 0.0265625
1 0.88125 0.79453125 0.015625 0.06640625
2 0.22578125 0.1046875 0.015625 0.0671875