1 0.3453125 0.3359375 0.0984375 0.14921875
2 0.396875 0.39296875 0.0140625 0.04921875
1 0.58671875 0.46640625 0.01953125 0.03046875
1 0.66015625 0.5875 0.20234375 0.22421875
1 0.978125 0.79609375 0.01640625 0.025
1 0.99609375 0.81015625 0.0078125 0.01796875
1 0.953125 0.88515625 0.02421875 0.034375
1 0.97734375 0.89765625 0.0171875 0.02734375
1 0.99609375 0.91875 0.0078125 0.02421875
1 0.96484375 0.921875 0.01484375 0.0265625
1 0.95078125 0.98046875 0.0265625 0.0390625
2 0.15234375 0.17890625 0.02734375 0.0765625