1 0.25078125 0.23828125 0.021875 0.034375
1 0.29765625 0.30078125 0.015625 0.03046875
1 0.51640625 0.5671875 0.0828125 0.125
1 0.69296875 0.62109375 0.01796875 0.0328125
1 0.7234375 0.75234375 0.034375 0.04453125
1 0.95859375 0.8921875 0.01015625 0.0203125
1 0.9703125 0.90546875 0.00625 0.02109375
1 0.98359375 0.91484375 0.01015625 0.021875
1 0.9421875 0.9390625 0.0140625 0.025
1 0.95625 0.9453125 0.01015625 0.01640625
1 0.97109375 0.95859375 0.01015625 0.01953125
1 0.9453125 0.9609375 0.04375 0.078125