1 0.3171875 0.38359375 0.02421875 0.03984375
1 0.1296875 0.4375 0.009375 0.0125
1 0.3625 0.44375 0.0171875 0.034375
1 0.1421875 0.44921875 0.0078125 0.0140625
1 0.15625 0.46171875 0.01015625 0.01171875
1 0.1140625 0.490625 0.01015625 0.01640625
1 0.13046875 0.49921875 0.0078125 0.01171875
1 0.1421875 0.51328125 0.009375 0.0125
1 0.13203125 0.5171875 0.00859375 0.01171875
1 0.1296875 0.5765625 0.01640625 0.05546875
1 0.7609375 0.76640625 0.01953125 0.03359375
1 0.68515625 0.93046875 0.0828125 0.128125