1 0.253125 0.22421875 0.0234375 0.03359375
1 0.2984375 0.2859375 0.01875 0.03203125
1 0.5203125 0.53828125 0.08359375 0.12578125
1 0.69375 0.61171875 0.01484375 0.03203125
1 0.72421875 0.7296875 0.028125 0.0359375
1 0.96015625 0.865625 0.0078125 0.01640625
1 0.97109375 0.8765625 0.00703125 0.0125
1 0.984375 0.8859375 0.009375 0.0171875
1 0.94453125 0.9140625 0.01171875 0.01953125
1 0.95703125 0.92421875 0.009375 0.01796875
1 0.97109375 0.9359375 0.00859375 0.01953125
1 0.9453125 0.9484375 0.0421875 0.1015625