1 0.2984375 0.26796875 0.01875 0.02734375
1 0.5171875 0.50078125 0.08125 0.11328125
1 0.6921875 0.59140625 0.01484375 0.03046875
1 0.72421875 0.68984375 0.0359375 0.0453125
1 0.95859375 0.825 0.01015625 0.01640625
1 0.97265625 0.83984375 0.00859375 0.01484375
1 0.98515625 0.8484375 0.00703125 0.01796875
1 0.94609375 0.87421875 0.01171875 0.0203125
1 0.96015625 0.8859375 0.009375 0.021875
1 0.971875 0.89921875 0.00859375 0.0171875
1 0.9453125 0.9109375 0.04609375 0.10703125
1 0.25078125 0.2125 0.0265625 0.03671875