1 0.38359375 0.23359375 0.08828125 0.13203125
2 0.42421875 0.2859375 0.01015625 0.03984375
1 0.64296875 0.4453125 0.1640625 0.17578125
1 0.90625 0.6171875 0.01015625 0.015625
1 0.9234375 0.63203125 0.0125 0.01796875
1 0.9421875 0.646875 0.01171875 0.0171875
1 0.88671875 0.690625 0.0140625 0.02421875
1 0.90546875 0.70390625 0.01171875 0.0234375
1 0.92578125 0.72109375 0.0109375 0.021875
1 0.89765625 0.725 0.0109375 0.01796875
1 0.9171875 0.734375 0.01015625 0.01796875
1 0.8828125 0.7984375 0.015625 0.065625
2 0.2203125 0.10625 0.01328125 0.0609375