1 0.371875 0.23359375 0.09140625 0.14140625
2 0.4140625 0.28515625 0.01015625 0.04296875
1 0.64453125 0.45625 0.17421875 0.1984375
1 0.921875 0.63828125 0.01328125 0.021875
1 0.93984375 0.65546875 0.01015625 0.02421875
1 0.9609375 0.66953125 0.01484375 0.01796875
1 0.9015625 0.71171875 0.01796875 0.02578125
1 0.921875 0.72890625 0.0109375 0.0203125
1 0.94296875 0.74921875 0.0109375 0.02109375
1 0.9109375 0.75 0.0140625 0.02578125
1 0.89609375 0.82890625 0.01875 0.0765625
2 0.1984375 0.09609375 0.01640625 0.06640625