1 0.040625 0.32734375 0.08125 0.12265625
1 0.34453125 0.38984375 0.025 0.04296875
1 0.20078125 0.44296875 0.00703125 0.01484375
1 0.39296875 0.44453125 0.015625 0.03203125
1 0.21328125 0.45390625 0.00859375 0.01875
1 0.22890625 0.46484375 0.0078125 0.01875
1 0.184375 0.49765625 0.0109375 0.02265625
1 0.1984375 0.50703125 0.009375 0.0140625
1 0.2140625 0.5203125 0.01015625 0.01796875
1 0.2015625 0.52578125 0.0125 0.015625
1 0.1984375 0.58515625 0.01640625 0.06328125
1 0.79453125 0.7734375 0.01875 0.03828125
1 0.7703125 0.93828125 0.090625 0.12265625