1 0.0734375 0.31875 0.13984375 0.1515625
1 0.378125 0.3921875 0.03203125 0.0390625
1 0.42421875 0.44765625 0.015625 0.034375
1 0.2765625 0.45546875 0.01015625 0.0171875
1 0.29140625 0.46953125 0.0109375 0.01484375
1 0.30546875 0.48046875 0.009375 0.01796875
1 0.2609375 0.5140625 0.01328125 0.02421875
1 0.2765625 0.5234375 0.0109375 0.0203125
1 0.290625 0.53515625 0.00859375 0.01328125
1 0.2765625 0.54296875 0.01015625 0.015625
1 0.2734375 0.60703125 0.01171875 0.0625
1 0.83046875 0.78515625 0.015625 0.03359375
1 0.87265625 0.9578125 0.09296875 0.084375