1 0.11796875 0.3234375 0.15078125 0.15234375
1 0.39765625 0.39375 0.02734375 0.0421875
1 0.44375 0.45078125 0.01484375 0.0359375
1 0.32734375 0.4625 0.01015625 0.01484375
1 0.33984375 0.475 0.009375 0.01640625
1 0.35625 0.48828125 0.01015625 0.01640625
1 0.31015625 0.5265625 0.01015625 0.03046875
1 0.32734375 0.534375 0.01171875 0.015625
1 0.340625 0.546875 0.009375 0.0171875
1 0.32578125 0.5546875 0.0109375 0.01640625
1 0.32109375 0.6125 0.01796875 0.0640625
1 0.85703125 0.79140625 0.01640625 0.03359375
1 0.928125 0.9625 0.084375 0.07265625