1 0.39140625 0.228125 0.08359375 0.12109375
2 0.43125 0.27265625 0.0125 0.04140625
1 0.6453125 0.43671875 0.1640625 0.18125
1 0.63828125 0.49765625 0.02109375 0.0578125
1 0.9015625 0.59921875 0.01015625 0.01953125
1 0.9171875 0.61484375 0.0125 0.01484375
1 0.93671875 0.62890625 0.0109375 0.0171875
1 0.88125 0.67265625 0.01328125 0.01953125
1 0.9015625 0.68515625 0.0125 0.021875
1 0.91875 0.7046875 0.01015625 0.0203125
1 0.89140625 0.70546875 0.0125 0.0140625
1 0.87890625 0.7796875 0.01484375 0.06875
2 0.23203125 0.103125 0.0109375 0.0546875