1 0.3921875 0.22265625 0.08359375 0.1234375
1 0.64375 0.4328125 0.1578125 0.19609375
1 0.63671875 0.50390625 0.01796875 0.0609375
1 0.896875 0.59453125 0.009375 0.0203125
1 0.91328125 0.60546875 0.0109375 0.01484375
1 0.93125 0.61875 0.01171875 0.01484375
1 0.87734375 0.66484375 0.01484375 0.0265625
1 0.89609375 0.67578125 0.01015625 0.02109375
1 0.91484375 0.69453125 0.01015625 0.01796875
1 0.88828125 0.69921875 0.01015625 0.01875
1 0.87578125 0.77109375 0.01640625 0.0640625
2 0.23515625 0.09296875 0.01640625 0.05703125