1 0.2984375 0.35625 0.14921875 0.1640625
1 0.46875 0.40625 0.02578125 0.03671875
1 0.51796875 0.46953125 0.01875 0.03671875
1 0.5265625 0.5078125 0.0078125 0.01640625
1 0.54140625 0.52265625 0.0078125 0.0140625
1 0.55859375 0.53671875 0.009375 0.01484375
1 0.50859375 0.57578125 0.009375 0.02578125
1 0.5265625 0.584375 0.01015625 0.01640625
1 0.54296875 0.6 0.0078125 0.01328125
1 0.525 0.603125 0.0125 0.01953125
1 0.51640625 0.671875 0.01796875 0.0671875
1 0.9390625 0.81640625 0.0109375 0.02578125
1 0.06484375 0.165625 0.075 0.1125