1 0.2671875 0.3484375 0.14765625 0.165625
1 0.4578125 0.4046875 0.0203125 0.0375
1 0.50625 0.46484375 0.01484375 0.03671875
1 0.49453125 0.5015625 0.00703125 0.01640625
1 0.5109375 0.51171875 0.00625 0.01484375
1 0.52578125 0.52734375 0.009375 0.01484375
1 0.4765625 0.56328125 0.01015625 0.01875
1 0.49453125 0.5734375 0.01015625 0.01796875
1 0.5109375 0.58828125 0.00625 0.015625
1 0.49296875 0.59296875 0.0125 0.0203125
1 0.48515625 0.6625 0.015625 0.06640625
1 0.9265625 0.8125 0.01328125 0.03984375
1 0.0390625 0.1578125 0.078125 0.1015625