1 0.346875 0.340625 0.09921875 0.15
2 0.39765625 0.39765625 0.01015625 0.04140625
1 0.59140625 0.47890625 0.02734375 0.0421875
1 0.65703125 0.59296875 0.19609375 0.209375
1 0.96875 0.7984375 0.0171875 0.02109375
1 0.98984375 0.8140625 0.0140625 0.0171875
1 0.94375 0.8828125 0.02734375 0.034375
1 0.96796875 0.89921875 0.015625 0.02265625
1 0.99140625 0.91953125 0.015625 0.0265625
1 0.95859375 0.92109375 0.01484375 0.025
1 0.940625 0.9796875 0.02109375 0.03984375
2 0.15703125 0.18671875 0.02421875 0.0703125