1 0.3765625 0.23515625 0.08984375 0.1265625
2 0.41875 0.28203125 0.01015625 0.04609375
1 0.64140625 0.45390625 0.16484375 0.18828125
1 0.91328125 0.628125 0.0140625 0.0203125
1 0.93203125 0.6453125 0.01328125 0.01796875
1 0.95078125 0.659375 0.0140625 0.015625
1 0.890625 0.70546875 0.01875 0.03203125
1 0.9125 0.71875 0.01328125 0.02265625
1 0.93125 0.73359375 0.01484375 0.02109375
1 0.903125 0.73984375 0.0140625 0.01953125
1 0.890625 0.8140625 0.021875 0.075
2 0.209375 0.09921875 0.01875 0.0640625