1 0.1953125 0.3296875 0.15546875 0.1546875
1 0.428125 0.3953125 0.0296875 0.0359375
1 0.4765625 0.45859375 0.01796875 0.04609375
1 0.4125 0.4765625 0.009375 0.01953125
1 0.428125 0.48828125 0.0078125 0.01640625
1 0.4421875 0.5015625 0.00703125 0.015625
1 0.39375 0.53984375 0.009375 0.021875
1 0.41171875 0.55078125 0.00859375 0.0171875
1 0.42578125 0.56484375 0.00859375 0.0171875
1 0.4109375 0.56953125 0.0125 0.02265625
1 0.4046875 0.63125 0.0140625 0.0578125
1 0.89296875 0.7984375 0.015625 0.02578125