1 0.02734375 0.33203125 0.0546875 0.08828125
1 0.33515625 0.384375 0.025 0.03671875
1 0.171875 0.4375 0.00859375 0.01875
1 0.3796875 0.44453125 0.01640625 0.0328125
1 0.18515625 0.4515625 0.009375 0.01875
1 0.2 0.46328125 0.0078125 0.015625
1 0.1546875 0.49453125 0.01015625 0.025
1 0.17109375 0.5046875 0.009375 0.01796875
1 0.18359375 0.51484375 0.01171875 0.01640625
1 0.1734375 0.5203125 0.009375 0.01875
1 0.1703125 0.5796875 0.015625 0.06484375
1 0.78046875 0.771875 0.01484375 0.034375
1 0.73203125 0.93515625 0.08671875 0.125